$ANSIBLE_VAULT;1.1;AES256
39376265306239326164626630623038626237666664323233336237613962656532643636366137
3834396366623837393138326530666264643533666364320a343539393961643163643862613962
32623564383538353461663430653039346538386666383263306465383333343432383233373665
3964366339336138630a386339666634616234643564336531656233636564383836383130623065
34633164643332373530376634623865323237623232643634653232656535323533396639363138
61346539383264613961636536666166666138363861303363303135646438306631373936393661
30356230376335323233363362653235653432616239636134396565653563363133326236616439
34363433653861643538356666373165636631336235376166303637396562366433333338333664
62356462373137336637393734383963373437653236626331666365633065313363346465343536
30663832346230656239633230613638376261336337666639316230646432613136646663336536
61636635306465363964663835373533646138323737333130376364623837396261323265613434
30396263653363343631353934323737326665396537353438343339336665613935326537316163
66656161666332306163306266303066623661623662643939383065623335316235363863336261
39323539353235616635353130343665643065316637636339306138386134393137353562653535
61636165636437313335623833323266656634316461326639636433303935336265616333363533
30363763636436316263313233323965323637333862316635393966396639326663336632616139
30383264303565663263383535346339313238653036623433666563643766663238363333373330
33306261316637336365383732643433663534316539323666623665386264333762313862363866
61386432646465653235653161623065356666383631336134396339376664663834633531386332
61356431366564393463366662333731383964663065663564633837376333666561646337353730
63383438356539643133306663643839616135393531363364613135386432333531636235323066
38373564616234383839356236356135376365663562616636356362613735613635643637646437
37666337383830323338656462643332323366643763636136663561376137636430303135636532
38343937653164663739303162633433383037616633366536623962386335323838386635303335
65326565313338626663663363303338343264633462653262643366393035386236386166306237
36666435353935346466386431653564363436383738393939326432393830323138663564393462
61343233393965363932393762636636643963616631663332636465333334373337373730333564
33353564366134666430383234393037633866396531643135663534316265636532373839303061
65336433376338333238373061633563316137353830396136326437336261373539633263356538
30663464316464663237326636613264613538613739323333326237653034373164323838396139
38363933303439316362376366663230386537643561343936663137616663393635373530636236
66643161383361313663393237656637373235333137373639343235663330323732643335616330
63353765653132626636383336383935323265623266353237666461336439316139663437666337
33653130333038323062383765666165306337326662333562326661663434373365336136333663
63356362336137313666623637303330343665393961306463303466353436353232303838663032
38363561323563346265363765386663663862386130366362323233646535303265383938316462
34313864386637343163653963393964643366663837356531333437333139653936393663646332
31303461663633663361656535333963656463383831643237343965353965313165363565653736
62313661393163353463656633303633343037356233616536303831636165646435313264663835
35326336376564383962383464336136643032613031396666336162393234383438386232373830
35653231336634306132306462626465656131343561323062633431323966316236313462303332
32633635313032626464613134613131386533303865376264616338643961323765363238633438
32656565313066303966393239323234383834656363366231643463303339666138313262363465
32616664633933303464396230613738613164393166646138326266363530346662373264376531
64383630626463626236613834393835323136316331363663333531333437666532326564393238
66376235363862643832363733666164653736643631353861633738316139303333646137313561
64376466626638346434323561303031306536343835383335656239303132613164373330363963
38393066663231323431613038373733333563346633656232633834353935373230353836373330
38616237643535373530393364306661383938643762356139303533303437353232356637363836
36353535376433353837666631306134343131336665656238326163336138363139396339343666
33396238323232313364333563303165303532623765633264303665613133336636373939313562
66633466396464373738393335393061656237376431313032626565313630616239653239373737
62303239656337346163373731623934323063653863626361333338393166663761363938353564
38303030623130363737333263376230333132393030633534613331626239653432653334326166
37636366623665663631383933633138323232393063353038646132616634393732313030613433
34356532363435303034653961373264353337613366653233616561373137353761356164643632
61666165386563633132633332366339383131336636383932326339373531303130613039633666
34306632626265313565666337346266333866316630656337306139333865663166346366613639
61663736626338653766323837326430653434353232383865323966646337393439323039643761
36393139333332383765623530643334383230646266333636376261633534663538353334306530
62383539366232613163356232333532353533393764656536663163366231666663666263373336
38343462633162663030383939643332633132613734636365633833386635303361656137333230
62323038646361626662393538646564333538363239313632656138643237363030376165613263
38653466663830356237663434656564626138326433313364306363383231303133393239353465
38396236663261663037316162373538363230383063303262363166633562343665336638643331
63613635396261323532366534323332366465303938373832353566663962356234366361643436
35643664343061396163613835363330363566666332313734303531346139643936333139306634
64643937636538396638636633323935653532366265376264653563376433636363663533356338
63383636356431313463663534316461303364656362613833393035363861613964313563616133
65663761353166313534323165643666643335333666373966326663346564623435373266306238
62356265393737633766376437616632336162643830363862643063353066633138393939636265
34653061336666616437626433313564393133376665373466626136313131643837393364306232
31313337663538646162376436613634363532663035336532313031306630303531336530313930
35323735363636366464633461393464336665643963333862613634313239636361373230343430
34356664393564613436373664383036383939646236653034343364306332636632303433393463
37666638366265373437396136666663366461646438643865653232363933376332313337646265
64636166343234346535613037393532616239366536326166653563333161623339356461303834
34656537303330316465343461306333623032656537323931343039353834316631383830626134
39653234393035373964626438653434376532626562343935386237323434336665303535666138
34303438383133666236613233326538633038633937313233303035303738313236643266306339
39623261616336333465383365633139653766366266643962386364626564616230313333373434
61616433306462383839643934393266316363363531336632663637663130316435666433616432
36316237353966393230376665316531306130636235346538313765623137623666303233633630
63316666636638323931353665643032363735636564626263333534626537626662383165653332
32333931393762383365373030333365323334336463363433623164653536376434616635323831
39313063653866663462373832353262356562663435333530343235353034353332336261353132
33653461376263313761386631646332306637303462306232663463643964323033643236303964
63656230383566373063613235633539643034306431393136333036343731326339393564643034
32303139376366646431666362376134323834373835633833393637363533396435313634336433
6366633238613237663632356563313332333532633863303533
